215682
72216
98327
266940
217737
222460
96837
62102
224987
269276
247495
54726
292230
252392
257091
282850
63202
277423
251173
82610
282989
218547
105972
241642
270130
204085
251172
252796
3444
219103
256312
110582
262090
283449
224514
285501
292061
209805
226534
236412
280076
112323
214041
79412
247830
235202
248401
207576
289728
238743
65326
284940
268320
289376
61967
54092
72851
54146
213512
99712
218999
271027
293178
237187
101094
243441
262278
71217
292560
249128
100034
53062
96791
216439
230290
226886
287369
100844
216504
112501
219044
238233
265856
55371
284106
290534
272426
228995
78283
291861
51173
206131
275531
233020
291441
83841
74494
289026
246090
56796